#Biome Name, Total Height Levels: Height, Radiation Exposure (per second)...(repeat for each level)
Mesa, 4: 46, 350, 70, 175, 93, 117, 140, 87;
Mesa Plateau F, 4: 46, 350, 70, 175, 93, 117, 140, 87;
Mesa Plateau, 4: 46, 350, 70, 175, 93, 117, 140, 87;
Highlands Center, 4: 46, 350, 70, 175, 93, 117, 140, 87;
Forest, 4: 31, 220, 48, 110, 63, 73, 95, 55;
Taiga, 4: 15, 110, 24, 55, 31, 37, 47, 27;
TaigaHills, 4: 15, 110, 24, 55, 31, 37, 47, 27;
ForestHills, 4: 31, 220, 48, 110, 63, 73, 95, 55;
JungleEdge, 4: 47, 330, 71, 165, 94, 110, 141, 82;
Birch Forest, 4: 31, 220, 48, 110, 63, 73, 95, 55;
Birch Forest Hills, 4: 31, 220, 48, 110, 63, 73, 95, 55;
Roofed Forest, 4: 31, 220, 48, 110, 63, 73, 95, 55;
Cold Taiga, 4: 15, 110, 24, 55, 31, 37, 47, 27;
Cold Taiga Hills, 4: 15, 110, 24, 55, 31, 37, 47, 27;
Mega Taiga, 4: 15, 110, 24, 55, 31, 37, 47, 27;
Mega Taiga Hills, 4: 15, 110, 24, 55, 31, 37, 47, 27;
Extreme Hills+, 4: 31, 220, 48, 110, 63, 73, 95, 55;
Magical Forest, 4: 31, 220, 48, 110, 63, 73, 95, 55;
Alps Forest, 4: 15, 110, 24, 55, 31, 37, 47, 27;
Bamboo Forest, 4: 31, 220, 48, 110, 63, 73, 95, 55;
Bog, 4: 18, 200, 28, 100, 37, 67, 56, 50;
Boreal Forest, 4: 31, 220, 48, 110, 63, 73, 95, 55;
Cherry Blossom Grove, 4: 31, 220, 48, 110, 63, 73, 95, 55;
Coniferous Forest, 4: 31, 220, 48, 110, 63, 73, 95, 55;
Snowy Coniferous Forest, 4: 15, 110, 24, 55, 31, 37, 47, 27;
Dead Forest, 4: 31, 220, 48, 110, 63, 73, 95, 55;
Deciduous Forest, 4: 31, 220, 48, 110, 63, 73, 95, 55;
Fen, 4: 18, 200, 28, 100, 37, 67, 56, 50;
Frost Forest, 4: 15, 110, 24, 55, 31, 37, 47, 27;
Fungi Forest, 4: 18, 200, 28, 100, 37, 67, 56, 50;
Grove, 4: 37, 250, 57, 125, 75, 83, 113, 62;
Jade Cliffs, 4: 31, 220, 48, 110, 63, 73, 95, 55;
Mangrove, 4: 18, 200, 28, 100, 37, 67, 56, 50;
Maple Woods, 4: 15, 110, 24, 55, 31, 37, 47, 27;
Meadow, 4: 37, 250, 57, 125, 75, 83, 113, 62;
Meadow Forest, 4: 37, 250, 57, 125, 75, 83, 113, 62;
Mountain, 4: 31, 220, 48, 110, 63, 73, 95, 55;
Mystic Grove, 4: 31, 220, 48, 110, 63, 73, 95, 55;
Kelp Forest, 4: 18, 200, 28, 100, 37, 67, 56, 50;
Ominous Woods, 4: 18, 200, 28, 100, 37, 67, 56, 50;
Orchard, 4: 37, 250, 57, 125, 75, 83, 113, 62;
Rainforest, 4: 31, 220, 48, 110, 63, 73, 95, 55;
Redwood Forest, 4: 31, 220, 48, 110, 63, 73, 95, 55;
Sacred Springs, 4: 31, 220, 48, 110, 63, 73, 95, 55;
Seasonal Forest, 4: 31, 220, 48, 110, 63, 73, 95, 55;
Shield, 4: 18, 200, 28, 100, 37, 67, 56, 50;
Silkglades, 4: 18, 200, 28, 100, 37, 67, 56, 50;
Sludgepit, 4: 18, 200, 28, 100, 37, 67, 56, 50;
Spruce Woods, 4: 31, 220, 48, 110, 63, 73, 95, 55;
Temperate Rainforest, 4: 31, 220, 48, 110, 63, 73, 95, 55;
Thicket, 4: 37, 250, 57, 125, 75, 83, 113, 62;
Wetland, 4: 18, 200, 28, 100, 37, 67, 56, 50;
Woodland, 4: 31, 220, 48, 110, 63, 73, 95, 55;
Summer Woods, 4: 31, 220, 48, 110, 63, 73, 95, 55;
Cherry Forest, 4: 31, 220, 48, 110, 63, 73, 95, 55;
Twilight Forest, 4: 31, 220, 48, 110, 63, 73, 95, 55;
Dense Twilight Forest, 4: 31, 220, 48, 110, 63, 73, 95, 55;
Twilight Highlands, 4: 31, 220, 48, 110, 63, 73, 95, 55;
Mushroom Forest, 4: 31, 220, 48, 110, 63, 73, 95, 55;
Snowy Forest, 4: 15, 110, 24, 55, 31, 37, 47, 27;
Oak Savanna, 4: 31, 220, 48, 110, 63, 73, 95, 55;
Firefly Forest, 4: 31, 220, 48, 110, 63, 73, 95, 55;
Deep Mushroom Forest, 4: 31, 220, 48, 110, 63, 73, 95, 55;
Dark Forest, 4: 31, 220, 48, 110, 63, 73, 95, 55;
Enchanted Forest, 4: 31, 220, 48, 110, 63, 73, 95, 55;
Dark Forest Center, 4: 31, 220, 48, 110, 63, 73, 95, 55;
Plains, 4: 37, 250, 57, 125, 75, 83, 113, 62;
Savanna, 4: 56, 374, 84, 187, 112, 125, 168, 93;
Savanna Plateau, 4: 56, 374, 84, 187, 112, 125, 168, 93;
Brushland, 4: 56, 374, 84, 187, 112, 125, 168, 93;
Chaparral, 4: 37, 250, 57, 125, 75, 83, 113, 62;
Flower Field, 4: 37, 250, 57, 125, 75, 83, 113, 62;
Garden, 4: 37, 250, 57, 125, 75, 83, 113, 62;
Grassland, 4: 18, 200, 28, 100, 37, 67, 56, 50;
Grove, 4: 37, 250, 57, 125, 75, 83, 113, 62;
Heathland, 4: 37, 250, 57, 125, 75, 83, 113, 62;
Lavender Fields, 4: 37, 250, 57, 125, 75, 83, 113, 62;
Meadow, 4: 37, 250, 57, 125, 75, 83, 113, 62;
Meadow Forest, 4: 37, 250, 57, 125, 75, 83, 113, 62;
Orchard, 4: 37, 250, 57, 125, 75, 83, 113, 62;
Outback, 4: 56, 374, 84, 187, 112, 125, 168, 93;
Prairie, 4: 37, 250, 57, 125, 75, 83, 113, 62;
Scrubland, 4: 56, 374, 84, 187, 112, 125, 168, 93;
Shrubland, 4: 37, 250, 57, 125, 75, 83, 113, 62;
Steppe, 4: 56, 374, 84, 187, 112, 125, 168, 93;
Thicket, 4: 37, 250, 57, 125, 75, 83, 113, 62;
Twilight Clearing, 4: 37, 250, 57, 125, 75, 83, 113, 62;
Extreme Hills, 4: 56, 320, 84, 160, 112, 107, 168, 80;
Ice Mountains, 4: 32, 220, 49, 110, 65, 73, 98, 55;
Extreme Hills Edge, 4: 65, 440, 99, 220, 131, 147, 197, 110;
Extreme Hills+, 4: 31, 220, 48, 110, 63, 73, 95, 55;
Alps, 4: 32, 220, 49, 110, 65, 73, 98, 55;
Alps Forest, 4: 15, 110, 24, 55, 31, 37, 47, 27;
Canyon, 4: 84, 480, 126, 240, 168, 160, 252, 120;
Crag, 4: 65, 440, 99, 220, 131, 147, 197, 110;
Highland, 4: 56, 320, 84, 160, 112, 107, 168, 80;
Jade Cliffs, 4: 31, 220, 48, 110, 63, 73, 95, 55;
Mountain, 4: 31, 220, 48, 110, 63, 73, 95, 55;
Sacred Springs, 4: 31, 220, 48, 110, 63, 73, 95, 55;
Volcano, 4: 98, 660, 147, 330, 196, 220, 294, 165;
Silver Mountain, 4: 65, 440, 99, 220, 131, 147, 197, 110;
Mining Biome, 4: 65, 440, 99, 220, 131, 147, 197, 110;
Twilight Highlands, 4: 31, 220, 48, 110, 63, 73, 95, 55;
Extreme Hills, 4: 56, 320, 84, 160, 112, 107, 168, 80;
TaigaHills, 4: 15, 110, 24, 55, 31, 37, 47, 27;
DesertHills, 4: 84, 480, 126, 240, 168, 160, 252, 120;
JungleHills, 4: 84, 480, 126, 240, 168, 160, 252, 120;
ForestHills, 4: 31, 220, 48, 110, 63, 73, 95, 55;
Birch Forest Hills, 4: 31, 220, 48, 110, 63, 73, 95, 55;
Cold Taiga Hills, 4: 15, 110, 24, 55, 31, 37, 47, 27;
Mega Taiga Hills, 4: 15, 110, 24, 55, 31, 37, 47, 27;
Canyon, 4: 84, 480, 126, 240, 168, 160, 252, 120;
Canyon Ravine, 4: 84, 480, 126, 240, 168, 160, 252, 120;
Coniferous Forest, 4: 31, 220, 48, 110, 63, 73, 95, 55;
Snowy Coniferous Forest, 4: 15, 110, 24, 55, 31, 37, 47, 27;
Glacier, 4: 28, 160, 42, 80, 56, 53, 84, 40;
Grassland, 4: 18, 200, 28, 100, 37, 67, 56, 50;
Highland, 4: 56, 320, 84, 160, 112, 107, 168, 80;
Moor, 4: 18, 200, 28, 100, 37, 67, 56, 50;
Rainforest, 4: 31, 220, 48, 110, 63, 73, 95, 55;
Temperate Rainforest, 4: 31, 220, 48, 110, 63, 73, 95, 55;
Thornlands, 4: 56, 320, 84, 160, 112, 107, 168, 80;
Swampland, 4: 18, 200, 28, 100, 37, 67, 56, 50;
Bayou, 4: 18, 200, 28, 100, 37, 67, 56, 50;
Bog, 4: 18, 200, 28, 100, 37, 67, 56, 50;
Dead Swamp, 4: 18, 200, 28, 100, 37, 67, 56, 50;
Fen, 4: 18, 200, 28, 100, 37, 67, 56, 50;
Fungi Forest, 4: 18, 200, 28, 100, 37, 67, 56, 50;
Grassland, 4: 18, 200, 28, 100, 37, 67, 56, 50;
Lush Swamp, 4: 18, 200, 28, 100, 37, 67, 56, 50;
Marsh, 4: 18, 200, 28, 100, 37, 67, 56, 50;
Moor, 4: 18, 200, 28, 100, 37, 67, 56, 50;
Ominous Woods, 4: 18, 200, 28, 100, 37, 67, 56, 50;
Quagmire, 4: 18, 200, 28, 100, 37, 67, 56, 50;
Silkglades, 4: 18, 200, 28, 100, 37, 67, 56, 50;
Sludgepit, 4: 18, 200, 28, 100, 37, 67, 56, 50;
Wetland, 4: 18, 200, 28, 100, 37, 67, 56, 50;
Twilight Swamp, 4: 18, 200, 28, 100, 37, 67, 56, 50;
Fire Swamp, 4: 27, 300, 42, 150, 55, 100, 83, 75;
Ice Plains, 4: 21, 180, 33, 90, 43, 60, 65, 45;
Tainted Land, 4: 43, 360, 65, 180, 86, 120, 129, 90;
Arctic, 4: 21, 180, 33, 90, 43, 60, 65, 45;
Boneyard, 4: 43, 360, 65, 180, 86, 120, 129, 90;
Crag, 4: 65, 440, 99, 220, 131, 147, 197, 110;
Quagmire, 4: 18, 200, 28, 100, 37, 67, 56, 50;
Sludgepit, 4: 18, 200, 28, 100, 37, 67, 56, 50;
Tundra, 4: 21, 180, 33, 90, 43, 60, 65, 45;
Volcano, 4: 98, 660, 147, 330, 196, 220, 294, 165;
Wasteland, 4: 43, 360, 65, 180, 86, 120, 129, 90;
Twilight Glacier, 4: 21, 180, 33, 90, 43, 60, 65, 45;
Fire Swamp, 4: 27, 300, 42, 150, 55, 100, 83, 75;
Highlands Center, 4: 46, 350, 70, 175, 93, 117, 140, 87;
Thornlands, 4: 56, 320, 84, 160, 112, 107, 168, 80;
Beach, 4: 33, 208, 51, 104, 67, 69, 101, 52;
MushroomIslandShore, 4: 33, 208, 51, 104, 67, 69, 101, 52;
Stone Beach, 4: 33, 208, 51, 104, 67, 69, 101, 52;
Cold Beach, 4: 16, 104, 25, 52, 33, 35, 50, 26;
Tropics, 4: 18, 200, 28, 100, 37, 67, 56, 50;
Desert, 4: 56, 300, 84, 150, 112, 100, 168, 75;
DesertHills, 4: 84, 480, 126, 240, 168, 160, 252, 120;
Mesa, 4: 46, 350, 70, 175, 93, 117, 140, 87;
Mesa Plateau F, 4: 46, 350, 70, 175, 93, 117, 140, 87;
Mesa Plateau, 4: 46, 350, 70, 175, 93, 117, 140, 87;
Canyon, 4: 84, 480, 126, 240, 168, 160, 252, 120;
Canyon Ravine, 4: 84, 480, 126, 240, 168, 160, 252, 120;
Corrupted Sands, 4: 37, 200, 57, 100, 75, 67, 113, 50;
Lush Desert, 4: 56, 300, 84, 150, 112, 100, 168, 75;
Oasis, 4: 56, 300, 84, 150, 112, 100, 168, 75;
Outback, 4: 56, 374, 84, 187, 112, 125, 168, 93;
Steppe, 4: 56, 374, 84, 187, 112, 125, 168, 93;
Desert Oil Field, 4: 37, 200, 57, 100, 75, 67, 113, 50;
marsFlat, 4: 18, 100, 28, 50, 37, 33, 56, 25;
The Wasteland, 4: 37, 200, 57, 100, 75, 67, 113, 50;
FrozenOcean, 4: 9, 100, 14, 50, 18, 33, 27, 25;
FrozenRiver, 4: 9, 100, 14, 50, 18, 33, 27, 25;
Ice Plains, 4: 21, 180, 33, 90, 43, 60, 65, 45;
Ice Mountains, 4: 32, 220, 49, 110, 65, 73, 98, 55;
Cold Beach, 4: 16, 104, 25, 52, 33, 35, 50, 26;
Cold Taiga, 4: 15, 110, 24, 55, 31, 37, 47, 27;
Cold Taiga Hills, 4: 15, 110, 24, 55, 31, 37, 47, 27;
Alps, 4: 32, 220, 49, 110, 65, 73, 98, 55;
Alps Forest, 4: 15, 110, 24, 55, 31, 37, 47, 27;
Arctic, 4: 21, 180, 33, 90, 43, 60, 65, 45;
Snowy Coniferous Forest, 4: 15, 110, 24, 55, 31, 37, 47, 27;
Frost Forest, 4: 15, 110, 24, 55, 31, 37, 47, 27;
Glacier, 4: 28, 160, 42, 80, 56, 53, 84, 40;
Snowy Forest, 4: 15, 110, 24, 55, 31, 37, 47, 27;
Twilight Glacier, 4: 21, 180, 33, 90, 43, 60, 65, 45;
Ocean, 4: 18, 200, 28, 100, 37, 67, 56, 50;
FrozenOcean, 4: 9, 100, 14, 50, 18, 33, 27, 25;
Deep Ocean, 4: 18, 200, 28, 100, 37, 67, 56, 50;
Bayou, 4: 18, 200, 28, 100, 37, 67, 56, 50;
Lush Swamp, 4: 18, 200, 28, 100, 37, 67, 56, 50;
Mangrove, 4: 18, 200, 28, 100, 37, 67, 56, 50;
Marsh, 4: 18, 200, 28, 100, 37, 67, 56, 50;
Coral Reef, 4: 18, 200, 28, 100, 37, 67, 56, 50;
Kelp Forest, 4: 18, 200, 28, 100, 37, 67, 56, 50;
Shield, 4: 18, 200, 28, 100, 37, 67, 56, 50;
Tropics, 4: 18, 200, 28, 100, 37, 67, 56, 50;
Ocean Oil Field, 4: 18, 200, 28, 100, 37, 67, 56, 50;
Twilight Lake, 4: 18, 200, 28, 100, 37, 67, 56, 50;
River, 4: 18, 200, 28, 100, 37, 67, 56, 50;
FrozenRiver, 4: 9, 100, 14, 50, 18, 33, 27, 25;
Bayou, 4: 18, 200, 28, 100, 37, 67, 56, 50;
Lush Swamp, 4: 18, 200, 28, 100, 37, 67, 56, 50;
Mangrove, 4: 18, 200, 28, 100, 37, 67, 56, 50;
Marsh, 4: 18, 200, 28, 100, 37, 67, 56, 50;
Coral Reef, 4: 18, 200, 28, 100, 37, 67, 56, 50;
Kelp Forest, 4: 18, 200, 28, 100, 37, 67, 56, 50;
Shield, 4: 18, 200, 28, 100, 37, 67, 56, 50;
Tropics, 4: 18, 200, 28, 100, 37, 67, 56, 50;
Ocean Oil Field, 4: 18, 200, 28, 100, 37, 67, 56, 50;
Twilight Stream, 4: 18, 200, 28, 100, 37, 67, 56, 50;
